%YAML:1.0
calibrateTime: "Wed Dec 14 17:20:51 2016\n"
n_camera: 4
cam_0_matrix: !!opencv-matrix
   rows: 3
   cols: 3
   dt: d
   data: [ 1.1727950728417679e+03, 0., 3.1950000000000000e+02, 0.,
       1.1727950728417679e+03, 2.3950000000000000e+02, 0., 0., 1. ]
cam_0_distcoeffs: !!opencv-matrix
   rows: 5
   cols: 1
   dt: d
   data: [ -2.8515188700527676e+00, 1.2389445229636532e+01, 0., 0.,
       -3.6104279426322989e+01 ]
cam_1_matrix: !!opencv-matrix
   rows: 3
   cols: 3
   dt: d
   data: [ 1.5515897884430869e+03, 0., 3.1950000000000000e+02, 0.,
       1.5515897884430869e+03, 2.3950000000000000e+02, 0., 0., 1. ]
cam_1_distcoeffs: !!opencv-matrix
   rows: 5
   cols: 1
   dt: d
   data: [ -5.0016875830633518e+00, 4.1633816425982054e+01, 0., 0.,
       -2.4374201209012534e+02 ]
cam_2_matrix: !!opencv-matrix
   rows: 3
   cols: 3
   dt: d
   data: [ 7.6809740108409005e+02, 0., 3.1950000000000000e+02, 0.,
       7.6809740108409005e+02, 2.3950000000000000e+02, 0., 0., 1. ]
cam_2_distcoeffs: !!opencv-matrix
   rows: 5
   cols: 1
   dt: d
   data: [ -1.0216019229359177e+00, 2.5273852353416409e-01, 0., 0.,
       2.3118072980900664e+00 ]
cam_3_matrix: !!opencv-matrix
   rows: 3
   cols: 3
   dt: d
   data: [ 2.6199643043666733e+03, 0., 3.1950000000000000e+02, 0.,
       2.6199643043666733e+03, 2.3950000000000000e+02, 0., 0., 1. ]
cam_3_distcoeffs: !!opencv-matrix
   rows: 5
   cols: 1
   dt: d
   data: [ -1.3919463174339896e+01, 1.4877444147931018e+02, 0., 0.,
       1.0162907824134675e+03 ]
